<?xml version="1.0"?>
<opencv_storage>
<fhog_binsize>8</fhog_binsize>
<fhog_orientation>9</fhog_orientation>
<target_size>
  80 80</target_size>
<padded_size>
  96 96</padded_size>
<infos>dlib_version</infos>
<weight_vectors>
  <_ type_id="opencv-matrix">
    <rows>4465</rows>
    <cols>1</cols>
    <dt>f</dt>
    <data>
      -7.89098907e-03 -5.58928167e-03 1.35764107e-02 2.02661511e-02
      4.52919677e-03 -2.30685007e-04 -6.28197612e-03 -1.58322714e-02
      -1.21234981e-02 2.44441186e-03 1.01460023e-02 2.05610762e-03
      -1.21545270e-02 -2.83754594e-03 4.37605008e-02 4.40067202e-02
      9.48580820e-03 1.61804724e-02 -1.11163436e-05 -3.17603871e-02
      -3.00857462e-02 -6.95960771e-04 1.61213670e-02 1.66416960e-03
      -8.82651005e-03 -1.41348259e-03 3.43402885e-02 3.33913863e-02
      7.16987206e-03 1.36041129e-02 1.07557315e-03 -2.38908716e-02
      -2.31275037e-02 -1.00557972e-03 1.17625184e-02 1.04000419e-03
      -1.26927916e-03 1.85694866e-04 6.47803675e-03 5.66376094e-03
      1.20016513e-03 3.07067879e-03 8.06008582e-04 -3.93251330e-03
      -4.09486378e-03 -4.45243903e-04 1.72473886e-03 4.82761752e-05
      -2.55944813e-03 2.66835140e-03 2.21437551e-02 1.65043082e-02
      3.41745373e-03 1.27639417e-02 5.46659064e-03 -1.08604431e-02
      -1.27926935e-02 -2.67085107e-03 3.67397489e-03 -4.99956193e-04
      -3.32047907e-03 3.76732368e-03 2.99376640e-02 2.20888853e-02
      4.56646038e-03 1.74346250e-02 7.60371843e-03 -1.44800907e-02
      -1.72006581e-02 -3.70118418e-03 4.79252404e-03 -7.28177954e-04
      -4.48728591e-04 1.73377059e-03 8.89390800e-03 5.69907017e-03
      1.14958023e-03 5.86475246e-03 3.07833753e-03 -3.52145615e-03
      -4.74591460e-03 -1.44675374e-03 7.52358988e-04 -4.17290110e-04
      2.43222341e-03 -3.49373650e-03 -2.48356387e-02 -1.78070087e-02
      -3.66412010e-03 -1.48742134e-02 -6.79913629e-03 1.15445657e-02
      1.40510257e-02 3.27857677e-03 -3.57325305e-03 7.24561221e-04
      2.82461289e-03 -7.60315685e-04 -1.57900136e-02 -1.33731142e-02
      -2.82171485e-03 -7.82776438e-03 -2.37486954e-03 9.19471309e-03
      9.79882665e-03 1.25909818e-03 -3.86785064e-03 -1.70580970e-05
      4.35553119e-03 -9.98583622e-04 -2.36599725e-02 -2.02360377e-02
      -4.27548774e-03 -1.15723647e-02 -3.37096094e-03 1.39561072e-02
      1.47660384e-02 1.80717045e-03 -5.94933564e-03 -7.15632123e-05
      -8.65777198e-04 -2.42345128e-03 -5.67665976e-03 -1.78810093e-03
      -2.90133903e-04 -5.21157030e-03 -3.72056803e-03 5.75654441e-04
      2.24904227e-03 1.66736590e-03 9.58431803e-04 6.96945703e-04
      -3.77632328e-04 -8.79311585e-04 -1.77238567e-03 -3.86029598e-04
      -4.92687504e-05 -1.76393497e-03 -1.32518436e-03 2.40031277e-05
      6.29543327e-04 5.89883886e-04 4.33241803e-04 2.57709995e-04
      7.59093557e-03 1.58151910e-02 3.54461074e-02 5.24757579e-02
      3.71820033e-02 1.95927862e-02 2.02761265e-03 -1.87003277e-02
      -1.94665473e-02 -8.54601339e-03 -2.59951688e-03 -3.83651257e-03
      1.37771750e-02 2.70598922e-02 6.63026497e-02 9.95691568e-02
      7.04001039e-02 3.24330740e-02 4.81571682e-04 -3.40385213e-02
      -3.71583924e-02 -1.59906447e-02 -5.05371019e-03 -8.00922979e-03
      1.09200552e-02 2.43817009e-02 4.90378700e-02 7.11968020e-02
      5.05958870e-02 3.12869176e-02 6.08926034e-03 -2.68040933e-02
      -2.61912122e-02 -1.18178558e-02 -3.40659264e-03 -4.48144181e-03
      1.29718035e-02 4.96671312e-02 3.34437154e-02 3.00611667e-02
      2.33686883e-02 7.65472800e-02 4.75167222e-02 -3.06016114e-02
      -8.09466466e-03 -7.99222197e-03 1.81567739e-04 7.85243791e-03
      2.03489438e-02 8.97155926e-02 3.83217521e-02 1.60823595e-02
      1.57187507e-02 1.42529696e-01 9.75031555e-02 -4.72988375e-02
      4.22938552e-04 -9.09090322e-03 2.69510853e-03 1.98290367e-02
      7.97563978e-03 4.55808565e-02 2.53795646e-03 -2.11246144e-02
      -1.23215895e-02 7.56785870e-02 5.84842786e-02 -1.79152545e-02
      1.17470315e-02 -5.21049078e-04 3.18375463e-03 1.44013008e-02
      1.27228571e-03 1.61644127e-02 -1.02509800e-02 -2.67849863e-02
      -1.77439488e-02 2.89883167e-02 2.66326573e-02 -2.32582283e-03
      1.17607778e-02 2.51388596e-03 2.32404959e-03 7.95683637e-03
      -7.37042818e-03 -2.23266762e-02 -2.60639898e-02 -3.25977094e-02
      -2.37342101e-02 -3.22830118e-02 -1.55315893e-02 1.77400690e-02
      1.11513594e-02 6.26213150e-03 1.10041886e-03 -7.11081258e-04
      -9.19095241e-03 -2.17128340e-02 -3.98451388e-02 -5.67855202e-02
      -4.04699892e-02 -2.85997745e-02 -7.44385179e-03 2.24885810e-02
      2.07191147e-02 9.59857181e-03 2.62380275e-03 3.01341549e-03
      -7.84149300e-03 -1.57985557e-02 -3.72615047e-02 -5.56260720e-02
      -3.93649638e-02 -1.92149207e-02 -1.04651158e-03 1.93498041e-02
      2.07079239e-02 8.98539275e-03 2.79532326e-03 4.30593500e-03
      -5.17043890e-03 -1.59882065e-02 -1.78938266e-02 -2.20098887e-02
      -1.60718020e-02 -2.32665874e-02 -1.15294568e-02 1.24253687e-02
      7.46061653e-03 4.29781945e-03 7.05423998e-04 -7.06158229e-04
      -2.82368041e-03 -1.08891549e-02 -7.18687614e-03 -6.33909553e-03
      -4.94900718e-03 -1.68104712e-02 -1.04945321e-02 6.65665930e-03
      1.67565537e-03 1.71704451e-03 -5.53905484e-05 -1.75875053e-03
      -6.42199581e-03 -1.27720530e-03 1.45953661e-02 1.27793616e-02
      1.22556016e-02 -2.08693240e-02 -1.67414993e-02 -1.62263180e-03
      -3.08516435e-02 -2.95451563e-02 -1.66403782e-02 -1.10940281e-02
      -8.01356509e-03 2.92284298e-03 2.88009904e-02 2.38834806e-02
      1.43222567e-02 -3.16950642e-02 -2.34739892e-02 6.57855649e-04
      -3.13492343e-02 -3.08284964e-02 -1.84917171e-02 -1.47281783e-02
      -4.78943577e-03 7.75718223e-03 3.13036144e-02 2.48362590e-02
      7.26824766e-03 -2.64665186e-02 -1.74674243e-02 3.96299921e-03
      -9.22385976e-03 -1.03891147e-02 -8.02759454e-03 -9.97982826e-03
      4.69707884e-03 -3.53162014e-03 -2.11444590e-02 -1.71946045e-02
      -8.00406281e-03 2.08540056e-02 1.47991823e-02 -1.46564946e-03
      1.54970502e-02 1.56385358e-02 9.92375519e-03 8.98898114e-03
      1.28397662e-02 -9.24880803e-03 -5.68500310e-02 -4.62906659e-02
      -2.19666790e-02 5.64986691e-02 4.02228013e-02 -3.76583589e-03
      4.30033356e-02 4.32905778e-02 2.73310598e-02 2.44926047e-02
      2.76843808e-03 -1.30748628e-02 -3.82346883e-02 -2.94530541e-02
      -2.35497067e-03 2.60522924e-02 1.50106316e-02 -7.39335129e-03
      -8.26529227e-03 -5.48129110e-03 3.17362661e-04 7.45144021e-03
      -7.54905213e-03 -1.54095916e-02 -1.54489307e-02 -9.41885356e-03
      1.73954852e-02 -7.12209335e-03 -1.17242793e-02 -1.01682115e-02
      -5.82786873e-02 -5.33262305e-02 -2.65591349e-02 -1.03166802e-02
      -4.60479641e-03 -1.33622829e-02 -1.87135153e-02 -1.27089852e-02
      1.14625823e-02 6.15976402e-04 -4.88500763e-03 -8.55608098e-03
      -4.18207869e-02 -3.78264040e-02 -1.81945860e-02 -5.51679358e-03
      1.38402137e-03 -7.86730275e-03 -2.22344864e-02 -1.70630515e-02
      -8.91312782e-04 1.46901356e-02 8.26544780e-03 -4.48657991e-03
      -6.23832364e-03 -4.51959809e-03 -5.10978687e-04 3.98586597e-03
      6.70132879e-03 8.24450608e-03 9.73343209e-04 -1.18918379e-03
      -1.42740849e-02 1.31252091e-02 1.35162575e-02 5.79844788e-03
      4.31328118e-02 4.00715657e-02 2.08420418e-02 1.02227051e-02
      7.14176474e-03 7.36388331e-03 -2.29748082e-03 -3.76707315e-03
      -1.49065237e-02 1.57684553e-02 1.52182383e-02 5.33465901e-03
      4.37162966e-02 4.08032984e-02 2.14960910e-02 1.11732148e-02
      1.52342850e-02 9.36730579e-03 -1.97658353e-02 -1.91783216e-02
      -3.04347910e-02 4.15732451e-02 3.60892713e-02 7.61338510e-03
      8.32167938e-02 7.85606727e-02 4.26632985e-02 2.50759069e-02
      -1.32350493e-02 1.08350813e-02 3.98340002e-02 1.75780002e-02
      1.70653518e-02 -1.28183246e-03 -2.02165749e-02 -3.99949290e-02
      -2.90067680e-02 -7.80967763e-03 -7.90394470e-03 -7.72016542e-03
      -3.56502668e-03 4.23452351e-03 1.41901188e-02 6.37176726e-03
