<?xml version="1.0"?>
<opencv_storage>
<fhog_binsize>8</fhog_binsize>
<fhog_orientation>9</fhog_orientation>
<target_size>
  80 80</target_size>
<padded_size>
  96 96</padded_size>
<infos>dlib_version</infos>
<weight_vectors>
  <_ type_id="opencv-matrix">
    <rows>4465</rows>
    <cols>1</cols>
    <dt>f</dt>
    <data>
      -5.77654466e-02 5.87634090e-03 -3.63907181e-02 -1.98929757e-02
      -4.32772888e-03 -1.46513255e-02 -1.00297797e-02 -4.57243584e-02
      3.40383016e-02 1.15612652e-02 1.00078166e-01 1.14189483e-01
      1.42769348e-02 -2.47053965e-03 3.31464373e-02 4.51636128e-02
      4.63721752e-02 3.21228541e-02 -1.99536681e-02 -6.03959225e-02
      -4.20926251e-02 4.59536389e-02 3.50380838e-02 1.60252396e-02
      -2.25211103e-02 -1.15334913e-02 -4.62856842e-03 2.17152969e-03
      2.03878675e-02 -1.20507414e-02 -3.38264927e-02 -5.38408719e-02
      3.57188703e-03 2.07308810e-02 7.23322704e-02 4.66380045e-02
      -1.45838326e-02 3.27702449e-03 -9.54910927e-03 -4.82981186e-03
      -2.32017366e-03 -1.79143692e-03 5.90993848e-04 -9.45831090e-03
      8.61676596e-03 2.59797624e-03 2.30917856e-02 3.02059054e-02
      -8.23725667e-03 2.73840725e-02 -6.75358204e-03 6.39811298e-03
      -1.17293410e-02 3.08266673e-02 4.15292680e-02 1.31923771e-02
      -1.29272987e-04 4.59392695e-03 -8.65423121e-03 4.37886938e-02
      -3.13381888e-02 2.27663331e-02 -2.40153316e-02 -9.23805591e-03
      -1.63537264e-02 1.24740619e-02 2.89335176e-02 -1.08222361e-03
      1.91763714e-02 2.10984750e-03 2.97600254e-02 7.63689950e-02
      -3.46009992e-02 -4.30235639e-03 -3.40732336e-02 -3.61008085e-02
      -2.30418518e-02 -3.42101306e-02 -7.67849898e-03 4.30585770e-03
      3.97629961e-02 -1.98065601e-02 3.55670899e-02 3.63443047e-02
      -5.63702406e-03 -7.05483044e-03 -1.49525013e-02 -2.45663915e-02
      -1.93034708e-02 -2.55292431e-02 -3.09964828e-03 2.47686543e-02
      2.14144792e-02 -2.37835236e-02 -1.26153892e-02 -1.90447941e-02
      -2.21158992e-02 3.30195529e-03 -4.17979583e-02 -5.41055277e-02
      -5.38864173e-02 -3.86538282e-02 2.18492653e-02 6.51438832e-02
      5.19228429e-02 -5.19172028e-02 -3.05584017e-02 -7.47252163e-03
      -7.49591552e-03 -1.22460816e-02 -1.31638022e-02 -2.26246994e-02
      -1.22680208e-02 -2.94072572e-02 -1.44093083e-02 1.15203951e-02
      1.98044740e-02 -1.86419487e-02 1.71163294e-03 -1.59757212e-02
      -5.82503490e-02 -1.60997920e-02 -5.95030449e-02 -6.83443025e-02
      -4.00437042e-02 -7.18644261e-02 -2.49621384e-02 8.51355679e-03
      7.23470673e-02 -3.97346914e-02 6.10155873e-02 4.70006615e-02
      -8.23971555e-02 -2.01382418e-03 -9.39866230e-02 -1.03936605e-01
      -8.13414603e-02 -8.65308493e-02 5.70016028e-03 5.27643524e-02
      1.10522904e-01 -7.13547990e-02 4.73721623e-02 7.18340278e-02
      -2.49299183e-02 -2.51037609e-02 -1.51179032e-02 -1.01671563e-02
      6.09910535e-03 -5.10481186e-03 -8.00877344e-03 4.89782542e-03
      7.29031675e-03 4.10559541e-03 2.70956592e-03 -8.53641983e-03
      2.62294132e-02 5.42770959e-02 5.39238974e-02 1.52214980e-02
      -3.23256738e-02 -2.41366457e-02 -1.93843164e-03 -3.01989596e-02
      -4.00073193e-02 -3.42722833e-02 5.44091268e-03 3.08203232e-02
      -5.08062989e-02 -6.14268798e-03 3.70732099e-02 -1.34118991e-02
      -3.78490910e-02 -7.43244886e-02 -3.81567329e-02 -3.54095250e-02
      -4.71176840e-02 -5.56462258e-02 2.18811166e-02 2.25235187e-02
      9.53359902e-02 1.18014522e-01 4.53906395e-02 4.24623415e-02
      1.15403822e-02 1.02976635e-01 5.58837987e-02 -6.14030892e-03
      1.05186822e-02 6.32836521e-02 -2.32808627e-02 1.94246564e-02
      3.95274386e-02 8.43496397e-02 -8.13072175e-03 2.33691111e-02
      6.99543729e-02 1.94480434e-01 6.92924187e-02 2.30200700e-02
      7.66286552e-02 1.70154169e-01 -3.36316861e-02 -1.82141066e-02
      2.01063440e-03 4.37209532e-02 2.28271820e-03 7.59959966e-03
      3.34937721e-02 9.66405347e-02 2.91123465e-02 4.69749281e-03
      3.51023152e-02 8.98153707e-02 -1.34109054e-02 -6.70020236e-03
      3.14740054e-02 -2.89009102e-02 2.47355271e-02 2.98247603e-03
      -6.64655268e-02 -1.51490003e-01 -3.69246788e-02 -1.90704167e-02
      -7.19060004e-02 -1.53581068e-01 1.90499686e-02 2.66784839e-02
      -8.41080584e-03 -6.65672421e-02 -4.81918044e-02 -1.28695490e-02
      8.93112086e-03 -3.11690718e-02 -9.58856940e-03 2.62865722e-02
      1.53980665e-02 -2.36238092e-02 2.15006978e-04 -2.24494934e-02
      1.61261395e-01 2.55926475e-02 -9.58410464e-03 4.35428172e-02
      -1.55595504e-02 -2.14371365e-02 4.02506031e-02 3.08308788e-02
      -7.78470514e-03 -7.11402670e-02 -2.18858775e-02 4.89579095e-03
      5.69699630e-02 -2.98945252e-02 -2.16513071e-02 9.05483309e-03
      -1.47222849e-02 -5.39969578e-02 1.24385906e-03 1.93077456e-02
      -1.00637926e-02 -6.75520599e-02 -3.33337160e-03 -3.76788923e-03
      2.74434686e-02 -4.67171073e-02 -5.88051602e-02 -8.84567271e-04
      2.85385046e-02 1.89824253e-02 1.59941297e-02 4.16145772e-02
      3.91068198e-02 1.25533221e-02 -1.31865051e-02 -3.02174911e-02
      -2.73042396e-02 -4.23847064e-02 -4.02528420e-02 -1.35525856e-02
      2.49290764e-02 1.86752267e-02 -5.70826582e-04 2.13250760e-02
      3.03543489e-02 2.86728162e-02 -3.01293959e-03 -2.34450474e-02
      2.02946525e-04 -4.28661145e-03 3.72697343e-03 7.01309321e-03
      3.70154576e-03 -7.66390236e-03 -7.55031966e-03 -6.74517686e-03
      -6.01964630e-03 -1.79470715e-03 1.15495324e-02 4.94478270e-04
      1.86869018e-02 3.37471478e-02 2.62019690e-02 -3.89285595e-03
      -2.98926942e-02 5.04488498e-03 1.97392497e-02 -1.27386125e-02
      -1.95422452e-02 5.75057603e-03 2.45413501e-02 7.30846683e-03
      1.39060579e-02 -7.03807455e-03 4.32843007e-02 4.58531752e-02
      5.57457143e-03 -4.95791920e-02 -3.89620885e-02 -5.51304109e-02
      -5.46696968e-02 -8.55296105e-03 9.62242335e-02 8.30690563e-03
      2.41986904e-02 5.06931394e-02 2.87575461e-02 -1.56429838e-02
      -4.47597280e-02 1.81315634e-02 3.72292250e-02 -6.56802207e-03
      -1.65796839e-02 1.02374395e-02 1.48252733e-02 8.84036534e-03
      2.92704571e-02 8.68019238e-02 1.59314778e-02 -5.75622693e-02
      -7.61914030e-02 6.42052889e-02 8.75575468e-02 2.82395408e-02
      1.17513007e-02 2.25543436e-02 -4.38620299e-02 8.41976143e-03
      4.06570919e-02 1.31932586e-01 1.37223015e-02 -9.71848443e-02
      -1.15663387e-01 1.08032003e-01 1.40580982e-01 5.53597622e-02
      3.05050798e-02 3.58637087e-02 -8.84793699e-02 1.06814373e-02
      7.82315154e-03 1.89073086e-02 7.43353926e-03 -8.87638796e-03
      -1.66497417e-02 1.00399833e-02 1.62389353e-02 1.45302853e-03
      -2.21636426e-03 4.31495719e-03 -1.31485111e-03 2.63328198e-03
      -9.82479006e-03 -4.51667979e-02 6.51255064e-03 4.36287634e-02
      3.94453891e-02 -4.81438488e-02 -5.61406575e-02 -3.22410837e-02
      -2.39524953e-02 -1.39689129e-02 5.35955504e-02 -1.39598781e-03
      3.80118284e-03 1.25728874e-02 1.10686047e-03 -9.44707356e-03
      -1.10197505e-02 1.04951449e-02 1.35406237e-02 5.51374722e-03
      3.14909802e-03 3.44803021e-03 -8.84942152e-03 9.77413496e-04
      -2.21253745e-03 -3.54731418e-02 2.01849360e-02 4.81891744e-02
      3.07757352e-02 -5.28128184e-02 -5.48638403e-02 -4.31857146e-02
      -3.69722322e-02 -1.32442126e-02 7.34217018e-02 1.94278627e-03
      8.00406188e-03 2.16975659e-02 5.86465141e-03 -1.26494737e-02
      -1.90707631e-02 1.41754113e-02 2.05409769e-02 4.82762838e-03
      6.69123547e-04 5.35388477e-03 -7.05094356e-03 2.48426222e-03
      1.64724234e-02 6.87286854e-02 -5.74130239e-03 -6.25367388e-02
      -6.00790307e-02 6.91091046e-02 8.24475065e-02 4.41186018e-02
      3.14242169e-02 2.06271634e-02 -7.28884116e-02 2.96490244e-03
      4.46453877e-03 1.99995618e-02 4.85024974e-02 3.06645352e-02
      -1.36031676e-02 -3.50902043e-02 9.12014395e-03 2.22171824e-02
      6.87101204e-03 2.42656227e-02 1.82013754e-02 -5.18231513e-03
      1.55296996e-02 3.70017551e-02 6.44376799e-02 3.07563953e-02
      -2.25550197e-02 -3.12183294e-02 4.00464982e-02 4.57026772e-02
