<?xml version="1.0"?>
<opencv_storage>
<fhog_binsize>8</fhog_binsize>
<fhog_orientation>9</fhog_orientation>
<target_size>
  80 80</target_size>
<padded_size>
  96 96</padded_size>
<infos>dlib_version</infos>
<weight_vectors>
  <_ type_id="opencv-matrix">
    <rows>4465</rows>
    <cols>1</cols>
    <dt>f</dt>
    <data>
      2.67855730e-02 1.93978362e-02 7.27728056e-03 2.54708882e-02
      4.53511905e-03 -5.20381785e-04 -2.00524330e-02 -2.48408392e-02
      -1.57949757e-02 -8.75834521e-05 -3.28308642e-02 -3.78881134e-02
      3.31096984e-02 2.12097187e-02 3.21517140e-03 2.69376468e-02
      -2.79499101e-03 -5.60952444e-03 -1.70132164e-02 -2.38275807e-02
      -2.10740939e-02 -9.38939676e-03 -4.89042886e-02 -5.47239929e-02
      6.50645643e-02 7.14192688e-02 3.13403420e-02 5.84177896e-02
      -5.03725256e-04 -1.25970040e-02 -9.58989467e-03 -3.30386534e-02
      -2.28695404e-02 9.34246555e-03 -9.00236443e-02 -1.27781138e-01
      3.15177403e-02 -3.71472095e-03 -2.45167911e-02 1.25053860e-02
      -2.38356311e-02 -1.51327327e-02 -1.37479333e-02 -1.61114652e-02
      -3.45854312e-02 -4.57568131e-02 -6.82143494e-02 -5.69624193e-02
      1.24977417e-02 -3.87903936e-02 -4.42365855e-02 -5.56581654e-03
      -2.28791721e-02 -8.64346232e-03 -2.63451934e-02 -1.63160320e-02
      -3.68237980e-02 -5.90654723e-02 -4.16820757e-02 -6.01525512e-03
      1.19529292e-02 -6.29485622e-02 -5.45894802e-02 9.85099585e-04
      -4.44715936e-03 7.12590152e-03 -7.33321458e-02 -4.99741510e-02
      -5.18191941e-02 -6.22854047e-02 -2.38729119e-02 3.86531577e-02
      1.44996736e-02 -6.41326457e-02 -5.66305630e-02 2.63225986e-03
      -4.94932430e-03 6.96265511e-03 -7.71311224e-02 -5.33023775e-02
      -5.51998392e-02 -6.54827654e-02 -2.80291699e-02 3.65881920e-02
      -4.38327988e-04 2.52947584e-02 2.48229709e-02 8.27241223e-03
      1.20235952e-02 3.67899006e-03 1.10395420e-02 4.25638305e-03
      1.60554703e-02 3.05181220e-02 1.33968750e-02 -7.20459595e-03
      3.26040238e-02 4.87620346e-02 2.41227504e-02 2.87435316e-02
      -3.81957996e-03 -1.06988279e-02 1.28273852e-02 -4.63586114e-03
      -3.24310898e-03 1.19618624e-02 -4.80720364e-02 -7.99353123e-02
      2.53065652e-03 -1.10011855e-02 -1.05933351e-02 -5.23965340e-04
      -2.83459644e-03 -8.52868761e-05 -1.07859615e-02 -7.15425098e-03
      -9.46998596e-03 -1.29388580e-02 -6.81020925e-03 3.78829241e-03
      -9.64207016e-03 -3.05752140e-02 -2.53487732e-02 -1.68850310e-02
      -1.22104660e-02 -2.82917102e-03 -3.36091476e-03 4.81381780e-03
      -8.87810811e-03 -2.76014451e-02 5.25663665e-04 2.15431992e-02
      1.35714784e-02 8.30133259e-02 6.08838126e-02 2.12738402e-02
      4.50402405e-03 -1.06235137e-02 6.11942224e-02 3.16935033e-02
      3.78537104e-02 5.98580241e-02 -1.15159955e-02 -8.14117193e-02
      -1.30042821e-01 -6.46707043e-02 -1.61337499e-02 7.86021948e-02
      -2.10568774e-02 6.26740977e-02 -1.47917019e-02 -2.17436180e-02
      -3.71775739e-02 -1.58638484e-03 -2.97404733e-02 2.02842522e-02
      -6.98186159e-02 -3.96324210e-02 -3.11293248e-02 7.95525759e-02
      4.83268760e-02 1.05313726e-01 1.61327310e-02 2.31934786e-02
      -1.04507944e-02 -3.12932543e-02 -1.46099674e-02 2.36810162e-03
      4.62019183e-02 5.16367238e-03 -3.00403908e-02 -4.69578616e-03
      4.52429950e-02 -1.20627573e-02 2.04430725e-02 1.45603884e-02
      2.68676691e-02 -3.12695503e-02 -1.27431974e-02 -3.13853770e-02
      -5.58202155e-02 -5.53066768e-02 -6.38027638e-02 7.34847933e-02
      5.54353409e-02 5.11821024e-02 1.95933096e-02 5.30863879e-03
      5.87434322e-03 -5.25847562e-02 -4.78528626e-02 -2.89142765e-02
      -1.10638507e-01 -6.55150414e-02 -6.78356364e-02 1.61669374e-01
      1.33335978e-01 2.39789441e-01 4.84849699e-02 7.19740018e-02
      -8.53010360e-03 -7.68850818e-02 -1.86327938e-02 -1.85059872e-03
      -1.54698238e-01 -8.71283561e-02 -8.89192149e-02 2.27725938e-01
      1.88893422e-01 3.49431962e-01 6.88040629e-02 1.06925853e-01
      -1.39656598e-02 -1.04762144e-01 -1.83047522e-02 3.03875119e-03
      -8.88699964e-02 -4.02964801e-02 -1.09122349e-02 6.75777793e-02
      7.47855706e-03 8.27498883e-02 -1.25772401e-03 3.83745530e-03
      -2.48803105e-02 -7.37996493e-03 -1.04565537e-02 1.80182550e-02
      -7.66960457e-02 -1.41206691e-02 4.01436873e-02 1.15459189e-02
      -6.88848123e-02 1.54481474e-02 -3.14445905e-02 -2.57562380e-02
      -4.09927331e-02 4.44317572e-02 1.30159659e-02 4.47773375e-02
      -1.08936941e-02 1.45008899e-02 4.79266159e-02 -4.21697684e-02
      -8.02176818e-02 -5.68373911e-02 -3.28596197e-02 -3.37413251e-02
      -2.26154570e-02 5.14091328e-02 1.78439505e-02 3.01019754e-02
      8.65909308e-02 6.84513524e-02 6.37763068e-02 -9.04708058e-02
      -4.77890186e-02 -6.74482286e-02 -1.50253968e-02 -6.15823315e-04
      4.35426366e-03 4.99449335e-02 5.17643876e-02 2.12578103e-02
      1.04946144e-01 4.31301482e-02 1.43616479e-02 -9.95850712e-02
      -4.00917567e-02 -1.52107984e-01 -1.11622754e-02 -3.00993733e-02
      2.80479733e-02 1.86689831e-02 7.94518201e-05 -2.57912427e-02
      -1.17452936e-02 -1.62985697e-02 -2.39901002e-02 2.44974457e-02
      2.62479745e-02 2.00168937e-02 9.99685749e-03 6.05647685e-03
      5.35908807e-03 -2.14643609e-02 -1.54249948e-02 -1.25884404e-02
      -5.17845638e-02 1.24441390e-03 -4.13659699e-02 -1.40279429e-02
      5.27214855e-02 -6.82452694e-02 8.05964414e-03 -4.74106632e-02
      -1.37286752e-01 -1.24309734e-01 -4.76859324e-02 -4.59106115e-04
      -7.07062706e-02 -3.84450033e-02 -5.02469391e-02 -4.84826006e-02
      3.56712006e-02 -8.36948380e-02 -6.06351206e-03 -7.86179081e-02
      -1.49229318e-01 -9.19883251e-02 -1.69926230e-02 -3.00525874e-03
      -4.40021530e-02 1.66153293e-02 -3.72064710e-02 -1.28038162e-02
      6.61043078e-02 -4.99291942e-02 1.33734280e-02 -1.61998365e-02
      -1.06536537e-01 -1.30717725e-01 -3.31102461e-02 2.57333368e-02
      -2.24746000e-02 3.30496728e-02 -2.17187237e-02 -2.61274558e-02
      7.81419501e-02 4.65182867e-03 1.69992018e-02 5.75297996e-02
      -1.41786342e-03 -9.88938436e-02 3.34812924e-02 9.18122604e-02
      4.82965112e-02 8.22649375e-02 2.68194024e-02 3.32431942e-02
      5.03774099e-02 8.30117688e-02 2.76544653e-02 1.35350794e-01
      1.31620899e-01 -2.88450867e-02 3.12397946e-02 8.92832950e-02
      3.72983068e-02 3.42755057e-02 2.50784382e-02 1.03299636e-02
      8.87996331e-03 6.52437955e-02 8.96238256e-03 8.52016136e-02
      1.17228538e-01 3.18994783e-02 4.63640988e-02 5.48111238e-02
      -2.79031973e-02 -1.28635382e-02 -2.03307290e-02 -1.25614181e-02
      1.32810827e-02 -3.82545926e-02 -1.37569965e-03 -3.76861654e-02
      -7.10304976e-02 -4.27816771e-02 -1.98634379e-02 -1.10989390e-02
      -4.95956056e-02 -2.58239247e-02 -3.58352475e-02 -1.90697294e-02
      1.77287050e-02 -7.24871457e-02 -3.66401486e-03 -7.62830153e-02
      -1.34462103e-01 -7.25380331e-02 -4.32855524e-02 -3.10522392e-02
      -7.04067200e-02 -3.94635051e-02 -5.06777465e-02 -2.08981503e-02
      1.77781153e-02 -1.10118136e-01 -6.33320212e-03 -1.21815719e-01
      -2.04947263e-01 -1.00929350e-01 -7.55764246e-02 -6.11619838e-02
      1.15546072e-02 -5.95997262e-04 1.03123784e-02 -3.23745646e-02
      8.77188239e-03 4.90946285e-02 -2.19209166e-03 6.43246248e-02
      1.02716938e-01 4.28641438e-02 8.60461816e-02 7.26448223e-02
      -2.21228693e-03 -1.35267705e-01 2.02050116e-02 -1.32195339e-01
      -1.00835033e-01 6.04215004e-02 -5.74299209e-02 1.15163811e-03
      1.89585090e-01 2.70218045e-01 2.29782060e-01 5.92985824e-02
      3.18847485e-02 -5.33318147e-02 3.46688442e-02 -6.51494786e-02
      -5.91235533e-02 8.83401409e-02 -2.75710411e-02 6.50371313e-02
      2.06584230e-01 1.92894891e-01 1.67627260e-01 6.99574202e-02
      -1.21406745e-02 2.45554466e-03 1.67389429e-04 -5.38906129e-03
      -6.72288146e-03 8.08292627e-03 4.08982113e-02 1.05860298e-02
      -7.75544997e-03 -8.62642564e-03 -2.29458306e-02 -1.25440732e-02
      4.00918499e-02 -2.92132050e-03 8.51911306e-03 1.87080167e-02
