<?xml version="1.0"?>
<opencv_storage>
<fhog_binsize>8</fhog_binsize>
<fhog_orientation>9</fhog_orientation>
<target_size>
  80 80</target_size>
<padded_size>
  96 96</padded_size>
<infos>dlib_version</infos>
<weight_vectors>
  <_ type_id="opencv-matrix">
    <rows>4465</rows>
    <cols>1</cols>
    <dt>f</dt>
    <data>
      4.76796413e-03 -7.88513105e-03 -2.17260364e-02 -2.54817754e-02
      1.10808089e-02 1.81260407e-02 -1.75411918e-03 -2.56918627e-03
      1.45926641e-03 1.93622976e-03 1.11745987e-02 1.04888193e-02
      1.43900253e-02 1.62115246e-02 3.36445781e-04 -1.12598194e-02
      1.91950030e-03 -2.06144899e-03 -5.82662644e-03 -9.42629948e-03
      -9.31677036e-03 -1.03148157e-02 2.46844557e-03 7.74756493e-03
      1.32240122e-02 1.88047066e-02 1.84486024e-02 -9.62724537e-03
      -2.80824583e-02 -4.08819206e-02 -2.92799482e-03 -5.19791339e-03
      -3.08471452e-02 -2.97772810e-02 -1.72758996e-02 1.47971073e-02
      6.05838606e-03 1.55841587e-02 2.98477113e-02 2.20338209e-03
      -4.10350598e-02 -5.69521934e-02 6.65656233e-04 4.00965801e-04
      -3.42675932e-02 -3.23169231e-02 -2.73317415e-02 1.10968566e-02
      -1.83012767e-03 2.96412781e-02 5.95024228e-02 4.98900004e-02
      -4.19670753e-02 -6.56399205e-02 1.86939770e-03 2.14304193e-03
      -2.27894410e-02 -2.32021660e-02 -3.53981964e-02 -1.36673925e-02
      9.02916398e-03 4.80921119e-02 5.84603176e-02 5.72023392e-02
      -1.90297253e-02 -4.30483185e-02 -5.05358167e-03 -8.80649965e-03
      -1.13050696e-02 -1.50431003e-02 -2.21350789e-02 -2.14051716e-02
      -1.00819321e-04 2.32966654e-02 4.06157300e-02 3.74906547e-02
      -2.31574196e-02 -3.90722230e-02 1.64303972e-04 -2.75591330e-04
      -1.16401082e-02 -1.26687633e-02 -2.12017093e-02 -1.22859301e-02
      3.91393062e-03 5.58615811e-02 8.51881653e-02 8.11930373e-02
      -4.07941975e-02 -7.45346546e-02 -2.19769729e-03 -4.60910844e-03
      -2.07875576e-02 -2.41290946e-02 -4.00045142e-02 -2.83482466e-02
      -3.70448898e-03 -3.36963148e-03 -3.00707831e-03 6.28097821e-03
      8.58038664e-03 1.15192402e-02 5.90416079e-04 1.07736769e-03
      9.71892942e-03 9.11994930e-03 4.71765641e-03 -6.10572891e-03
      -2.88663991e-02 -5.47609143e-02 -3.19293886e-02 -1.65209249e-02
      1.36275357e-03 2.03111060e-02 1.31240608e-02 2.15071347e-02
      1.66844912e-02 2.10648067e-02 4.83945478e-03 2.35284981e-03
      -2.10284665e-02 -5.82326725e-02 -4.21600267e-02 -4.76273000e-02
      -1.04293637e-02 8.49339832e-03 1.22002736e-02 1.99405178e-02
      -1.80058624e-03 4.65837028e-03 1.91372691e-03 2.23507155e-02
      -7.48205977e-03 -2.67464090e-02 -3.03214099e-02 -2.42130589e-02
      1.33713968e-02 2.69829482e-02 3.27916606e-03 5.67530002e-03
      1.10770194e-02 1.27171259e-02 1.29882824e-02 6.94092689e-03
      -4.48130965e-02 -5.32185361e-02 -3.94025892e-02 -3.31414267e-02
      1.02581568e-02 3.28017473e-02 4.95059462e-03 -3.53694544e-03
      4.76572616e-03 4.49238531e-03 -7.35097472e-03 -1.91830527e-02
      -2.79736537e-02 -3.23498063e-02 -2.37531345e-02 -1.90887209e-02
      6.54972577e-03 2.07849462e-02 4.04397398e-03 -2.08877353e-03
      2.01559532e-03 1.97817851e-03 -5.00255637e-03 -1.07593574e-02
      1.85843818e-02 2.93686744e-02 2.34073550e-02 2.71474216e-02
      -3.02805379e-03 -1.10121369e-02 5.94025664e-03 2.46498920e-03
      -1.00170048e-02 -8.78712256e-03 -4.20333614e-04 1.81413442e-02
      2.91514508e-02 4.66949195e-02 3.73240858e-02 4.37353253e-02
      -4.64443211e-03 -1.70509554e-02 1.00048333e-02 3.95236537e-03
      -1.64036825e-02 -1.43785356e-02 -9.57449956e-04 2.93318909e-02
      5.39878523e-03 1.66177526e-02 1.46292476e-02 2.27361992e-02
      4.78756381e-04 -3.28388589e-04 1.05815791e-02 1.82199106e-03
      -1.18182898e-02 -1.02239903e-02 -3.96530284e-03 1.65552907e-02
      5.16091101e-03 1.14008868e-02 9.64238588e-03 1.34984944e-02
      -2.95731152e-04 -1.90602278e-03 5.20372437e-03 1.12836016e-03
      -6.35687681e-03 -5.51889092e-03 -1.65909808e-03 9.56691615e-03
      1.67177264e-02 2.73101758e-02 2.19193231e-02 2.60576159e-02
      -2.57416791e-03 -9.58961342e-03 6.31981855e-03 2.33930768e-03
      -9.99286585e-03 -8.75015650e-03 -8.01760878e-04 1.75631884e-02
      -6.17516274e-03 -7.89731927e-03 -5.97560313e-03 -5.60241286e-03
      1.31882366e-03 4.31982987e-03 6.45961554e-05 -5.64507442e-04
      1.27795001e-03 1.15401810e-03 -7.44937512e-04 -3.43038724e-03
      -2.25476548e-02 -3.34611945e-02 -2.62974892e-02 -2.89506260e-02
      4.03845496e-03 1.41311465e-02 -4.82983002e-03 -2.69380445e-03
      9.76190902e-03 8.60180240e-03 -5.21672482e-04 -1.89807974e-02
      -1.74011495e-02 -2.36767717e-02 -1.82163473e-02 -1.83999427e-02
      3.47734080e-03 1.16678812e-02 -1.37613190e-03 -1.78531941e-03
      5.16854832e-03 4.60166996e-03 -1.42298627e-03 -1.16521548e-02
      -4.29586368e-03 -4.18984517e-03 -2.89437291e-03 -1.50254986e-03
      1.13653764e-03 3.46812466e-03 1.47315464e-03 -2.14357235e-04
      -5.47640375e-04 -4.34358983e-04 -1.13803078e-03 -5.66418050e-04
      4.37435359e-02 6.32807389e-02 4.94347401e-02 5.31619154e-02
      -8.10956396e-03 -2.79957559e-02 7.57880462e-03 5.00241714e-03
      -1.71366744e-02 -1.51362251e-02 1.78943714e-03 3.45409922e-02
      -5.54402135e-02 -4.77437163e-03 2.55401153e-02 4.46369573e-02
      3.71756740e-02 9.54778790e-02 9.91054028e-02 5.02133518e-02
      -4.30081412e-02 -5.91640621e-02 -4.80665565e-02 -1.91601031e-02
      -5.54334112e-02 6.18814956e-03 4.64842394e-02 6.41122013e-02
      5.23932949e-02 9.08640027e-02 9.01841223e-02 5.51815107e-02
      -5.10164015e-02 -8.51671249e-02 -7.66692609e-02 -2.52141599e-02
      -1.40440864e-02 1.58060305e-02 4.10264693e-02 4.82089892e-02
      3.94587852e-02 1.11081777e-02 5.47031080e-03 9.37902089e-03
      -3.67077440e-02 -7.41916522e-02 -7.67845139e-02 -2.75765397e-02
      -2.10330542e-02 3.68835055e-03 2.13101003e-02 3.03347241e-02
      2.52315048e-02 3.06835193e-02 2.99689155e-02 1.55245140e-02
      -2.76164766e-02 -4.57445979e-02 -4.35841717e-02 -1.75586808e-02
      -4.93478402e-02 -1.60306543e-02 -3.34618241e-03 7.15336949e-03
      5.52532496e-03 1.00301266e-01 1.07934177e-01 5.86785264e-02
      -6.30119909e-03 8.19311012e-03 2.32589524e-02 1.27317542e-02
      -2.50715371e-02 -3.42730656e-02 -5.13857454e-02 -4.20043394e-02
      -3.27107571e-02 6.12202473e-02 7.53795058e-02 1.66354049e-02
      1.43036256e-02 6.39131516e-02 7.75970742e-02 1.93147101e-02
      -1.81849729e-02 -3.45027447e-02 -5.17014489e-02 -3.45570259e-02
      -2.45590657e-02 3.68317850e-02 5.11427000e-02 -1.39727881e-02
      -8.76511633e-03 3.23659666e-02 4.18924168e-02 -6.75019575e-03
      1.02171144e-02 -1.31158317e-02 -2.73563061e-02 -1.97341014e-02
      -1.34231271e-02 -2.36231126e-02 -1.85347367e-02 -3.77929211e-02
      -8.66756402e-03 6.34375867e-03 4.86621168e-03 -1.54568013e-02
      -2.56863609e-03 -5.18727070e-03 -1.16809858e-02 -1.77703202e-02
      -1.57737639e-02 1.63177587e-02 1.82244182e-02 1.83576401e-02
      2.37434823e-02 4.01663147e-02 4.41235825e-02 2.38756407e-02
      -1.83559079e-02 1.23433408e-03 7.77343567e-03 -2.14120223e-06
      -2.82421452e-03 4.80515100e-02 4.77646217e-02 5.07493578e-02
      2.34131236e-02 2.96427980e-02 3.67205068e-02 3.16569470e-02
      6.63514575e-03 1.50235894e-04 -7.44526321e-03 -1.77864414e-02
      -1.62912384e-02 -8.32834048e-04 -1.32726273e-03 1.32173877e-02
      2.89311819e-02 4.11335230e-02 4.23116572e-02 2.59103645e-02
      8.58296466e-04 1.40908714e-02 2.08978876e-02 6.29606331e-03
      1.63834449e-03 8.60062987e-03 2.69123237e-03 3.53397988e-02
      2.63939574e-02 1.83081385e-02 1.85016301e-02 2.83871666e-02
      -8.78370274e-03 1.55717246e-02 1.47344619e-02 1.67961977e-02
      3.68187996e-03 6.90467749e-03 2.22135913e-02 2.23064218e-02
      9.55636986e-03 -5.50113758e-03 -1.21082515e-02 -1.57439560e-02
      -1.14019308e-02 2.17554588e-02 2.40672827e-02 2.23310348e-02
      4.99823457e-03 8.39176960e-03 2.74225380e-02 2.92883944e-02
