<?xml version="1.0"?>
<opencv_storage>
<fhog_binsize>8</fhog_binsize>
<fhog_orientation>9</fhog_orientation>
<target_size>
  80 80</target_size>
<padded_size>
  96 96</padded_size>
<infos>dlib_version</infos>
<weight_vectors>
  <_ type_id="opencv-matrix">
    <rows>4465</rows>
    <cols>1</cols>
    <dt>f</dt>
    <data>
      8.76750801e-06 -3.47407442e-03 -1.36053935e-02 -2.20756140e-02
      -6.28687218e-02 -7.63474032e-02 -3.35890404e-03 -5.17939869e-03
      7.91142229e-03 1.81899406e-02 1.13898665e-02 3.94311594e-03
      2.04799999e-03 1.81128399e-03 -8.15009046e-03 -1.60396900e-02
      -3.83908860e-02 -4.50944453e-02 -3.55238048e-03 -3.60129355e-03
      2.69669457e-03 1.09288050e-02 8.29385221e-03 5.11990162e-03
      9.73721908e-04 4.45022277e-04 -5.49692707e-03 -1.02563743e-02
      -2.57474650e-02 -3.05422340e-02 -2.08862312e-03 -2.32944172e-03
      2.22634804e-03 7.36459671e-03 5.30040218e-03 2.90292501e-03
      4.37832531e-03 9.12615657e-03 3.05346819e-03 -1.08319521e-03
      1.25434762e-02 1.85075570e-02 -2.54901010e-03 9.31356917e-05
      -6.15536002e-03 -4.01287246e-03 5.97915670e-04 5.02872281e-03
      1.68974791e-02 3.97551358e-02 2.94562504e-02 2.44775843e-02
      1.30064875e-01 1.70597240e-01 -5.48326783e-03 7.08411215e-03
      -3.40430960e-02 -3.91135477e-02 -1.24783749e-02 1.43013038e-02
      1.64523926e-02 3.63643728e-02 1.95461456e-02 9.02010221e-03
      8.44330117e-02 1.14844643e-01 -7.58945709e-03 3.42167146e-03
      -2.78290324e-02 -2.58712433e-02 -4.50714352e-03 1.65639352e-02
      6.39880542e-03 1.13092419e-02 -3.44313891e-03 -1.44035397e-02
      -1.81974228e-02 -1.73165705e-02 -5.67323063e-03 -2.87224003e-03
      -4.39370098e-03 4.70486283e-03 7.48849148e-03 9.63369664e-03
      3.69529240e-03 6.21623313e-03 -3.21543217e-03 -1.03078466e-02
      -1.61786173e-02 -1.68860592e-02 -3.57860792e-03 -2.12563179e-03
      -1.82305230e-03 4.35752794e-03 5.35123097e-03 5.91798313e-03
      1.05995161e-03 9.91865993e-04 -4.00598207e-03 -7.95740169e-03
      -1.88891813e-02 -2.21483894e-02 -1.78628182e-03 -1.78314222e-03
      1.27219548e-03 5.37263835e-03 4.11502924e-03 2.58853193e-03
      2.16399925e-03 8.61285836e-04 -1.27142053e-02 -2.36010905e-02
      -5.95214777e-02 -7.06707910e-02 -4.76441905e-03 -5.36639197e-03
      5.23764361e-03 1.70326624e-02 1.21961487e-02 6.59530936e-03
      3.64936842e-03 6.07365742e-03 -3.43006686e-03 -1.05926143e-02
      -1.71539448e-02 -1.81049295e-02 -3.59686511e-03 -2.19609612e-03
      -1.65218709e-03 4.64375596e-03 5.49774570e-03 5.91800129e-03
      1.65168941e-03 2.62973993e-03 -2.01691384e-03 -5.54740941e-03
      -9.90999676e-03 -1.08007630e-02 -1.74237171e-03 -1.17069250e-03
      -4.77383088e-04 2.72273342e-03 2.87688477e-03 2.81267497e-03
      5.21773123e-04 2.53205653e-03 2.61906418e-03 1.80414831e-03
      -2.42091293e-04 -7.90484133e-04 2.42405478e-03 3.49204685e-03
      3.33929388e-03 7.56267458e-04 -8.96862402e-05 -2.31300946e-03
      -1.77335541e-03 -9.58888792e-03 -1.04583828e-02 -1.06373392e-02
      -5.21894358e-03 -1.60773087e-03 -1.03893392e-02 -1.11920247e-02
      -1.05165155e-03 3.84078780e-03 8.56123865e-03 2.69018821e-02
      3.02460464e-03 1.41131794e-02 1.42880389e-02 7.87085574e-03
      -4.87292372e-03 -7.04837171e-03 1.28166499e-02 2.06310824e-02
      2.52707507e-02 8.06561299e-03 4.22149943e-03 -2.47359904e-03
      7.31578423e-03 3.31482962e-02 3.29945982e-02 1.45096797e-02
      -1.78582612e-02 -2.13640518e-02 2.88389698e-02 5.05813770e-02
      7.14727491e-02 2.59518214e-02 1.85083356e-02 1.31524587e-02
      5.00718656e-04 4.16305522e-03 5.25804609e-03 9.67399869e-03
      1.04183871e-02 6.81173848e-03 6.11757580e-03 2.15869141e-03
      -1.49486875e-02 -1.05761215e-02 -1.46409329e-02 -3.57855335e-02
      -5.45821385e-03 -2.35784333e-02 -2.27908082e-02 -5.54119563e-03
      2.04098020e-02 2.09760293e-02 -1.89939905e-02 -3.85314636e-02
      -6.54023662e-02 -2.68815272e-02 -2.34922729e-02 -3.21444459e-02
      2.91674020e-04 1.52011146e-03 1.62984012e-03 1.48823950e-03
      5.07938559e-04 1.53385499e-05 1.58404442e-03 1.88005331e-03
      7.70285900e-04 -2.59839406e-04 -9.29202593e-04 -3.32025578e-03
      -5.52010490e-03 -2.54604332e-02 -2.56061982e-02 -1.30034946e-02
      1.07189044e-02 1.41612748e-02 -2.27414183e-02 -3.78574803e-02
      -4.92322035e-02 -1.66573822e-02 -1.01991706e-02 -1.23858685e-03
      -2.84165842e-03 -1.51637914e-02 -1.64394192e-02 -1.61214899e-02
      -7.12391548e-03 -1.69558683e-03 -1.62070207e-02 -1.80730335e-02
      -3.79698956e-03 4.83978121e-03 1.20254932e-02 3.92032973e-02
      -1.80145283e-03 -1.19704427e-02 -1.41549446e-02 -2.10236497e-02
      -1.90031677e-02 -1.13719990e-02 -1.54312886e-02 -9.83534008e-03
      2.22847946e-02 1.84408594e-02 2.74208952e-02 7.05086961e-02
      1.36658244e-04 -1.78682560e-03 -3.19387903e-03 -1.07551515e-02
      -1.51191782e-02 -1.09083978e-02 -4.72451979e-03 2.60023912e-03
      2.65358910e-02 1.61743257e-02 2.05511712e-02 4.68426719e-02
      1.65217416e-03 4.57191141e-03 2.83644861e-03 -1.00781489e-02
      -2.19414234e-02 -1.75537243e-02 1.38057629e-04 1.34281497e-02
      4.66644876e-02 2.48641279e-02 2.86527779e-02 5.94087839e-02
      3.99140222e-03 2.54352726e-02 2.15609111e-02 5.24854660e-03
      -9.97153763e-03 1.54343238e-02 -4.10884619e-02 -7.22335279e-02
      -4.18266281e-03 2.22721398e-02 1.24580571e-02 2.52524707e-02
      3.82377161e-03 2.22788230e-02 1.67016890e-02 -4.49025910e-03
      -1.95380952e-02 1.10760126e-02 -4.76477761e-03 -2.90283654e-02
      4.43891669e-03 1.64492801e-02 1.36447474e-02 1.95864197e-02
      5.18193981e-03 2.36139931e-02 1.01794815e-02 -3.60687822e-02
      -5.79324402e-02 3.32300109e-03 1.02529369e-01 8.72043744e-02
      3.26208696e-02 6.89598080e-03 2.38775574e-02 1.20356530e-02
      2.68315966e-03 4.36128955e-03 -9.62180365e-03 -5.45294471e-02
      -6.76091760e-02 -1.22544151e-02 1.83411032e-01 1.96469709e-01
      4.87044528e-02 -1.48392394e-02 1.88043527e-02 -1.11158285e-02
      -3.71295749e-03 -2.21331008e-02 -1.71641931e-02 2.08141375e-03
      1.65813677e-02 -1.16432318e-02 1.29095279e-02 3.78042422e-02
      -2.28830869e-03 -1.71426460e-02 -1.28399646e-02 -2.01213658e-02
      -7.18934368e-03 -3.64730284e-02 -2.11496670e-02 3.31245512e-02
      6.26279339e-02 -1.12041337e-02 -8.07575881e-02 -4.95904088e-02
      -3.02470215e-02 -1.82537455e-02 -3.00884023e-02 -2.48832982e-02
      -5.66812092e-03 -3.66135947e-02 -3.15524563e-02 -9.70236678e-03
      1.18010771e-02 -2.27946360e-02 6.65238202e-02 1.12069279e-01
      7.93532375e-03 -3.27830911e-02 -1.72874574e-02 -3.69487815e-02
      -2.59793806e-03 -2.13146098e-02 -2.30444316e-02 -2.51092594e-02
      -1.62669998e-02 -1.85015369e-02 1.05595261e-01 1.38569370e-01
      2.19712779e-02 -2.56354827e-02 -4.21175547e-03 -2.69326847e-02
      -3.41724954e-04 -5.37307886e-03 -7.89597444e-03 -1.50145320e-02
      -1.44260153e-02 -6.99867215e-03 5.64603060e-02 6.76553845e-02
      1.32821789e-02 -9.38573200e-03 1.54992007e-03 -9.20940842e-03
      1.32556073e-03 6.56217709e-03 3.59156216e-03 -6.84891082e-03
      -1.23250773e-02 1.77679572e-03 1.75850559e-02 1.22726513e-02
      6.23481441e-03 2.98487861e-03 5.68085210e-03 4.22919123e-03
      2.63745245e-03 1.52088637e-02 1.12208892e-02 -3.81729659e-03
      -1.42318932e-02 7.35900085e-03 -6.68921741e-04 -1.69830974e-02
      3.70074390e-03 1.09761441e-02 9.54085216e-03 1.31613249e-02
      1.77445472e-03 9.79784690e-03 6.72657974e-03 -4.54894220e-03
      -1.16529623e-02 4.17902833e-03 6.74953545e-03 -3.06670764e-03
      4.24735574e-03 6.36760751e-03 6.77481806e-03 7.89645500e-03
      -3.51060033e-02 -1.97118055e-02 1.81452539e-02 6.59921765e-02
      3.21204066e-02 -8.30381364e-02 -1.06149785e-01 -8.59228224e-02
      -4.84104827e-02 2.18536481e-02 5.58167696e-02 2.78080385e-02
      -8.89647845e-03 -1.18161961e-02 -7.57658295e-03 3.74411643e-02
